# Directed graph (each unordered pair of nodes is saved once): CA-GrQc.txt 
# Collaboration network of Arxiv General Relativity category (there is an edge if authors coauthored at least one paper)
# Nodes: 5242 Edges: 28980
# FromNodeId	ToNodeId
3466	937
3466	5233
3466	8579
3466	10310
3466	15931 
10310	16310
10310	19640
10310	23855
10310	24372
10310	24814
5052	4472
5052	5346
5052	5740
6700	18487
6700	19640
6700	20644
6700	22497
6700	22779
6700	23293
6700	23382
6700	23387
6700	23907
6700	24924
6700	25080
11082	824
11082	2133
11082	4846
11082	6610
11082	6700
11082	12928
11082	14419
11082	16258
14419	19423
14419	21281
17330	6700
17330	11082
17330	12928
17330	14419
18487	3164
18487	3890
18487	4846
23382	12928
23382	12980
23382	13364
16083	15123
16083	15814
16083	17932
2127	11712
11712	2127
11712	10762
10762	2591
10762	14351
10762	25698
13847	3032
13847	3412
13847	7615
17207	10762
7689	1620
7689	3310
7689	3909
7689	3922
19048	20182
26088	19048
2770	6806
2770	9432
2770	12654
2770	14033
14033	2770
14033	6806
14033	9432
5787	10942
5787	11806
24240	12187
24240	13153
24240	14345
10081	3185
13291	20547
13291	20792
7885	19551
7885	22190
19551	7885
4416	3618
4416	3630
17414	11026
17414	12639
17414	25378
7801	3631
18521	16056
18521	23901
18521	25316
18271	2511
13702	17874
13702	18271
13702	19978
17874	199
17874	6482
17874	13702
17874	18227
17874	18271
17874	24148
45	570
45	773
4511	23293
4511	24955
4511	25346
4511	25758
23063	9616
23063	11733
9616	3561
9616	9943
9616	10096
17746	25729
25729	11318
25729	11325
21281	2212
21281	2741
21281	2952
21281	3063
21281	3372
23293	15003
23293	15659
23293	16032
23293	17655
22917	17131
22917	17439
22917	20478
20940	15161
20940	20949
20940	22879
22879	18215
22879	19051
2656	14560
2656	24251
14560	2656
14560	24251
24251	2656
24251	14560
22832	1941
22832	7350
4351	1098
4351	2912
3630	16817
3630	23939
7715	3630
7715	13142
16703	13202
16703	16703
16703	22253
22253	4128
22253	16703
5738	5478
5738	6538
5738	8349
11604	16083
11604	17932
615	2846
25286	23841
25034	851
25034	1674
25034	2713
25034	3265
25034	9184
20373	1341
20373	1408
20373	15479
20373	16332
20373	17559
20373	18736
20373	19568
20373	19940
20373	21646
20373	23204
20373	25034
12927	853
12927	2072
12927	2368
22790	14924
22790	16994
22790	17911
22790	18940
22790	23681
22790	23727
20635	45
20635	6179
20635	6610
20635	6830
20635	7956
20635	8879
20635	9785
20635	11241
20635	11472
20635	12365
20635	12496
20635	12781
20635	12851
23909	3593
3821	4798
12545	676
12545	2169
9974	269
9974	1217
9974	6629
9974	25648
8047	3345
8047	22644
4013	3948
4013	7154
4013	8786
4013	10878
4013	14078
4013	16640
4013	20059
14599	12806
14599	13096
17979	22393
17235	5731
17235	13635
4650	6280
4650	14952
6806	2770
6806	14033
23394	18791
23394	23653
23394	23665
16333	4241
12287	15455
12287	17075
12287	20827
23477	8666
23477	9241
5225	3849
5225	7010
5225	7506
2490	5570
2490	11227
2490	11447
3193	2490
3193	4371
3193	5862
3193	7959
3193	17113
3193	24183
3193	26004
5134	773
5134	1234
5134	14807
5134	21012
5134	22691
5134	23452
5134	25053
3372	45
3372	7956
3372	8879
3372	9785
3372	11241
3372	11472
3372	12365
3372	12496
3372	12781
3372	12851
3372	13060
3372	14540
3372	14807
3372	15003
3372	15659
3372	17655
3372	17692
3372	18894
3372	19423
3372	19961
3372	20108
3372	20562
3372	20635
3372	21012
3372	21281
3372	21508
3372	21847
23452	1234
23452	2980
23452	3372
23452	5134
23452	6774
2404	24955
22421	869
22421	2404
9283	25143
12639	10456
12639	17414
25916	2710
25916	19207
25916	19580
25916	22721
3849	3988
3849	5225
1520	23351
13385	18051
4017	7888
4017	17291
7888	4017
593	16778
593	16888
593	18051
593	20808
593	21815
593	23896
12627	593
12627	1008
12627	2185
12627	7893
12627	8369
12627	11824
22108	11293
22108	21777
22108	23555
10597	1985
10597	5052
10597	9124
10597	9763
10597	16741
10597	21657
17149	408
17149	3265
17149	16225
17149	16324
17149	21404
17149	26058
23901	18521
23901	25316
1498	3033
1498	3547
1498	14707
3033	1498
3033	3547
3033	14707
9893	20526
20526	9893
20526	16521
884	24699
884	24781
24699	884
24699	5202
24699	17800
24699	24781
20850	21798
20850	24293
20850	25272
1787	1279
1787	13056
1787	14550
13056	1373
13056	1588
13056	1787
13056	10310
13056	14982
18875	23758
20806	9017
20806	18875
5444	13931
5444	21608
15258	2072
15258	7071
15258	8195
15258	11227
15258	15951
15258	22278
2072	400
2072	4379
2072	6541
2072	6905
2072	7071
2072	8195
2072	8216
2072	8471
2072	11227
2072	12927
2072	13190
2072	14498
2072	15258
2072	15951
2072	19657
2072	22278
7071	2072
7071	15258
7071	15951
15951	2072
15951	7071
15951	15258
15951	17502
15951	17740
10039	639
10039	5408
2443	8625
2443	13369
8116	7650
8116	7991
13190	3323
13190	6905
13190	23708
14007	2710
14007	4708
14007	13190
14007	25916
5542	11861
11861	2287
9649	10251
9649	17294
9649	17626
9649	23637
17626	2309
17626	4211
17626	22426
17626	23637
4633	18415
18415	4633
18415	7194
482	5934
482	1366
26194	10268
7625	1685
7625	4433
7625	4952
7625	16335
7625	19078
7625	20383
1386	2720
1386	9124
1386	9829
2720	1386
2720	6913
2720	9124
7246	11490
7246	17240
17240	7246
17240	11490
4102	17911
4102	26127
4102	26176
10376	4102
10376	13801
10376	15325
10376	17911
10376	26176
5606	4700
5606	9124
9207	2870
9207	12654
9207	20391
9207	22555
9207	24753
23204	8680
5601	23064
5601	23841
8710	9522
8710	22483
2591	3909
2591	8916
2591	10762
2591	13276
2591	16765
2591	18517
5083	5084
5083	8711
8711	5083
8711	5084
5084	5083
5084	8711
9265	8254
11372	1172
11372	4139
11372	4247
11372	4250
21860	8261
21860	20662
21860	22837
4180	45
4180	570
4180	4673
4180	10055
4180	15846
4180	25758
15959	283
15959	6154
15959	14924
21707	25271
2316	11929
2316	11939
2316	16935
11939	2316
11939	15235
11939	16935
350	951
350	25676
951	350
951	25676
25676	350
25676	951
15365	2532
1958	23693
1958	24696
1958	24833
1958	26196
18379	23490
6918	2443
6918	8116
6918	14369
6918	17738
1556	11965
1556	14096
1556	23154
23154	1556
22382	15998
4759	18940
4759	24860
12664	6030
12664	15191
14345	24240
5212	6628
5212	19015
5212	19444
5212	25139
6628	5212
6628	19015
6628	19444
6628	25139
19015	5212
19015	6628
19015	19444
25139	6628
25139	19015
25139	19444
22023	15770
11610	9126
11610	11696
11610	18453
9126	11610
9126	11696
9126	18453
9441	10388
10388	9441
10388	10539
5807	25006
18782	6583
18782	6807
18782	7277
18782	18408
18782	23883
21075	1311
21075	1321
21075	1430
12311	9889
12311	12675
6264	385
6264	1098
6264	1323
6264	23620
6264	24332
376	2611
376	16620
2611	376
2611	1908
2611	16620
2611	16621
16620	376
16620	1908
16620	2611
13999	13801
13999	24870
12675	135
12675	4442
14834	26193
23248	14834
10872	2666
10872	24250
24250	2666
24250	10872
2666	10872
2666	24250
9630	10252
9630	16820
10252	9630
10252	16820
16820	9630
16820	10252
4877	7459
4877	8862
4877	24932
5570	834
5570	2490
5570	11447
834	2490
834	5570
834	11447
15882	3228
10381	9143
10381	9184
10381	12842
10381	25916
22721	10381
22721	12842
22721	25916
14159	5144
14159	24852
24852	5144
24852	8869
24852	14159
299	14174
299	18746
22051	18746
22051	22075
5547	543
5547	5659
5547	12313
5659	543
5659	5547
5659	12313
12313	543
12313	5547
12313	5659
13520	20207
13520	21943
13520	22224
13520	22826
4525	2356
4525	6337
6337	16486
6337	18105
6337	20030
6337	24762
18105	4525
18105	6337
19964	2516
19964	10923
19964	16013
2342	16013
2342	19964
1796	3386
1796	5052
3386	941
3386	1796
3386	3178
3386	5052
3386	13712
3386	16727
3386	25442
19980	5957
18208	25896
15920	14924
15920	15959
1608	6264
1608	20660
25304	4293
25304	14512
25304	14854
25304	24489
14854	6835
14854	14512
14854	25304
14512	2741
14512	4632
14512	7956
14512	9785
14512	15003
14512	16594
14512	18866
14512	20774
14512	21508
14512	25304
14512	25346
24219	2255
24219	24835
24835	4575
24835	4782
24835	15582
24835	21930
24835	24219
17933	5156
15891	3321
15891	6465
15891	6823
15891	20595
6823	491
6823	24706
6823	25998
6465	3321
12324	8876
